# oST version 5.0 parameters


[image]

width
640

height
480

[narrow_stereo/left]

camera matrix
516.599939 0.000000 336.090247
0.000000 517.372490 240.919255
0.000000 0.000000 1.000000

distortion
0.026571 -0.034210 0.003277 -0.005444 0.000000

rectification
0.999991 -0.004204 -0.000929
0.004205 0.999989 0.001924
0.000920 -0.001928 0.999998

projection
530.539503 0.000000 328.008369 0.000000
0.000000 530.539503 242.058321 0.000000
0.000000 0.000000 1.000000 0.000000
# oST version 5.0 parameters


[image]

width
640

height
480

[narrow_stereo/right]

camera matrix
518.242390 0.000000 311.634592
0.000000 519.791883 240.411589
0.000000 0.000000 1.000000

distortion
0.018105 -0.031117 0.001837 -0.005342 0.000000

rectification
0.999770 -0.002319 -0.021334
0.002278 0.999996 -0.001950
0.021338 0.001901 0.999771

projection
530.539503 0.000000 328.008369 -30.084789
0.000000 530.539503 242.058321 0.000000
0.000000 0.000000 1.000000 0.000000
