image_width: 640
image_height: 480
camera_name: narrow_stereo/left
camera_matrix:
  rows: 3
  cols: 3
  data: [ 516.59994,    0.     ,  336.09025,
            0.     ,  517.37249,  240.91926,
            0.     ,    0.     ,    1.     ]
camera_model: plumb_bob
distortion_coefficients:
  rows: 1
  cols: 5
  data: [0.026571, -0.034210, 0.003277, -0.005444, 0.000000]
rectification_matrix:
  rows: 3
  cols: 3
  data: [ 0.99999073, -0.00420354, -0.00092856,
          0.00420532,  0.99998931,  0.00192413,
          0.00092046, -0.00192802,  0.99999772]
projection_matrix:
  rows: 3
  cols: 4
  data: [ 530.5395 ,    0.     ,  328.00837,    0.     ,
            0.     ,  530.5395 ,  242.05832,    0.     ,
            0.     ,    0.     ,    1.     ,    0.     ]
